    unsorted:	 263.1433355 63.58423515 94.48917541 551.0937825 587.4464459 1378.378299 2568.193693 9526.380786 10730.04103
      sorted:	 63.58423515 94.48917541 263.1433355 551.0937825 587.4464459 1378.378299 2568.193693 9526.380786 10730.04103
