    unsorted:	 622.5479295 521.0854741 225.2380779 5061.315497 5309.835984 8247.471918 15212.72276 18143.93641 68745.00198
      sorted:	 225.2380779 521.0854741 622.5479295 5061.315497 5309.835984 8247.471918 15212.72276 18143.93641 68745.00198
