    unsorted:	 2.495889058e-005 19.29797891 132.6257532 755.8480262 1584.727807 406.4575237 3848.422619 354.2245792 2126.118155 4733.425455 5146.125037 7517.834687 51254.84855 62211.07666 97696.71955 143845.2188 197268.0043 284680.3171 427978.4254 1038561.862
      sorted:	 2.495889058e-005 19.29797891 132.6257532 354.2245792 406.4575237 755.8480262 1584.727807 2126.118155 3848.422619 4733.425455 5146.125037 7517.834687 51254.84855 62211.07666 97696.71955 143845.2188 197268.0043 284680.3171 427978.4254 1038561.862
