"big.241" <-
structure(list(day = c(21, 22, 23, 24, 25, 26, 27, 28, 29, 30, 
31, 1, 2, 3, 4, 5, 6, 7, 8, 9, 10, 11, 12, 13, 14, 15, 16, 17, 
18, 19, 20, 21, 22, 23, 24, 25, 26, 27, 28, 1, 2, 3, 5, 6, 7, 
8, 9, 10, 11, 12, 13, 14, 15, 16, 17, 18, 19, 20, 21, 22, 23, 
24, 25, 26, 27, 28, 29, 30, 31, 1, 2, 3, 4, 5, 6, 7), month = c(1, 
1, 1, 1, 1, 1, 1, 1, 1, 1, 1, 2, 2, 2, 2, 2, 2, 2, 2, 2, 2, 2, 
2, 2, 2, 2, 2, 2, 2, 2, 2, 2, 2, 2, 2, 2, 2, 2, 2, 3, 3, 3, 3, 
3, 3, 3, 3, 3, 3, 3, 3, 3, 3, 3, 3, 3, 3, 3, 3, 3, 3, 3, 3, 3, 
3, 3, 3, 3, 3, 4, 4, 4, 4, 4, 4, 4), year = c(1999, 1999, 1999, 
1999, 1999, 1999, 1999, 1999, 1999, 1999, 1999, 1999, 1999, 1999, 
1999, 1999, 1999, 1999, 1999, 1999, 1999, 1999, 1999, 1999, 1999, 
1999, 1999, 1999, 1999, 1999, 1999, 1999, 1999, 1999, 1999, 1999, 
1999, 1999, 1999, 1999, 1999, 1999, 1999, 1999, 1999, 1999, 1999, 
1999, 1999, 1999, 1999, 1999, 1999, 1999, 1999, 1999, 1999, 1999, 
1999, 1999, 1999, 1999, 1999, 1999, 1999, 1999, 1999, 1999, 1999, 
1999, 1999, 1999, 1999, 1999, 1999, 1999), long = c(201.75, 204.52, 
206.086, 204.399, 205.209, 204.016, 204.569, 203.369, 203.415, 
202.833, 203.748, 203.784, 203.567, 203.846, 203.747, 203.77, 
203.664, 203.305, 203.817, 205.451, 204.082, 204.334, 205.209, 
204.955, 203.323, 204.313, 204.425, 204.409, 205.015, 204.618, 
204.469, 205.316, 204.911, 204.504, 204.093, 203.931, 205.766, 
205.348, 205.304, 206.382, 205.458, 205.157, 205.799, 206.742, 
206.934, 205.248, 205.562, 205.749, 206.184, 204.868, 205.801, 
205.483, 206.039, 205.593, 204.647, 205.075, 205.252, 205.679, 
204.98, 205.781, 206.331, 206.381, 206.055, 206.73, 206.904, 
206.954, 206.878, 208.303, 207.603, 208.404, 209.33, 209.631, 
210.683, 211.235, 211.539, 211.968), lati = c(18.65, 20, 22, 
23.5, 21.5, 19.5, 21, 18.5, 18.5, 20.5, 19.5, 20.5, 19, 21, 21.5, 
20, 20.5, 21.5, 26, 23, 15, 17.5, 19.5, 24, 22.5, 18.5, 18, 17.5, 
19.5, 14.5, 20.5, 22.5, 20.5, 13.5, 18.5, 17.5, 33, 35, 39, 43, 
47, 43, 39.5, 40.5, 33.5, 26.5, 24.5, 21, 23, 27, 21.5, 22.5, 
15, 19.5, 28, 13, 9.5, 14, -5, 4.5, 3.5, 6.5, 2, 16.5, 13.5, 
1, 6.5, 17.5, 19, 14, 16.5, 12.5, 15, 15.5, 16.5, 19.5)), .Names = c("day", 
"month", "year", "long", "lati"), row.names = c("1", "2", "3", 
"4", "5", "6", "7", "8", "9", "10", "11", "12", "13", "14", "15", 
"16", "17", "18", "19", "20", "21", "22", "23", "24", "25", "26", 
"27", "28", "29", "30", "31", "32", "33", "34", "35", "36", "37", 
"38", "39", "40", "41", "42", "43", "44", "45", "46", "47", "48", 
"49", "50", "51", "52", "53", "54", "55", "56", "57", "58", "59", 
"60", "61", "62", "63", "64", "65", "66", "67", "68", "69", "70", 
"71", "72", "73", "74", "75", "76"), class = "data.frame")
